           0
           0
           0
           0
           0
           0
           0
           0
           0
           0
           0
           0
           0
           0
           0
           0
           0
           0
           0
           0
           0
           0
           0
           0
           0
           0
           0
           0
           0
           0
           0
           0
           0
           0
           0
           0
           0
           0
           0
           0
           0
           0
           0
           0
           0
           0
           0
           0
           0
           0
           0
           0
           0
           0
           0
           0
           0
           0
           0
           0
           0
           0
           0
           0
           0
           0
           0
           0
           0
           0
           0
           0
           0
           0
           0
           0
           0
           0
           0
           0
           0
           0
           0
           0
           0
           0
           0
           0
           0
           0
           0
           0
           0
           0
           0
           0
           0
           0
           0
           0
           0
           0
           0
           0
           0
           0
           0
           0
           0
           0
           0
           0
           0
          10
          14
          32
          56
         140
         294
         412
         654
         880
        1242
        1674
        2036
        2410
        2584
        3122
        3252
        3480
        3486
        3632
        3524
        3494
        3260
        3140
        2882
        2834
        2434
        2308
        2152
        1910
        1928
        1802
        1558
        1422
        1374
        1208
        1198
        1182
        1072
        1104
        1036
         918
         898
         934
         938
         956
         968
         940
         948
        1030
        1050
        1060
        1172
        1118
        1192
        1172
        1254
        1348
        1442
        1378
        1560
        1590
        1736
        1658
        1834
        1868
        1852
        1928
        2076
        2178
        2230
        2236
        2244
        2286
        2524
        2520
        2656
        2636
        2864
        2932
        3180
        3108
        3260
        3314
        3510
        3748
        3590
        3792
        3830
        3870
        3906
        4100
        4064
        4324
        4232
        4298
        4230
        4244
        4194
        4136
        4256
        4282
        4316
        4506
        4576
        4544
        4368
        4446
        4432
        4528
        4524
        4380
        4620
        4394
        4382
        4372
        4352
        4276
        4508
        4428
        4278
        4438
        4200
        4240
        4190
        4382
        4100
        4348
        4212
        4142
        3960
        4050
        4016
        4022
        4014
        3958
        4044
        4108
        4042
        3910
        3922
        3852
        3912
        3828
        3880
        3944
        3980
        3934
        3860
        3868
        3916
        4008
        3992
        4200
        4128
        4288
        4200
        4438
        4422
        4236
        4078
        4240
        4206
        4448
        4464
        4634
        4704
        4818
        4900
        4992
        4986
        4874
        5162
        5072
        5190
        5176
        5168
        5468
        5554
        5682
        5822
        5956
        5912
        5958
        6036
        6048
        6206
      604608
