   2.0740817237198322E-002   1.5362480249999952E-003
   4.1481634474396643E-002   6.1449920999999807E-003
   6.2222451711594962E-002   1.3826232224999957E-002
   8.2963268948793287E-002   2.4579968399999923E-002
  0.10370408618599160        3.8406200624999873E-002
  0.12444490342318992        5.5304928899999828E-002
  0.14518572066038821        7.5276153224999739E-002
  0.16592653789758657        9.8319873599999691E-002
  0.18666735513478488       0.12443609002499960     
  0.20740817237198320       0.15362480249999949     
  0.22814898960918151       0.18588601102499938     
  0.24888980684637985       0.22121971559999931     
  0.26963062408357813       0.25962591622499914     
  0.29037144132077641       0.30110461289999896     
  0.31111225855797475       0.34565580562499887     
  0.33185307579517315       0.39327949439999876     
  0.35259389303237143       0.44397567922499853     
  0.37333471026956977       0.49774436009999840     
  0.39407552750676811       0.55458553702499824     
  0.41481634474396639       0.61449920999999796     
  0.43555716198116473       0.67748537902499784     
  0.45629797921836301       0.74354404409999753     
  0.47703879645556135       0.81267520522499737     
  0.49777961369275969       0.88487886239999725     
  0.51852043092995792       0.96015501562499683     
  0.53926124816715626        1.0385036648999966     
  0.56000206540435460        1.1199248102249963     
  0.58074288264155283        1.2044184515999958     
  0.60148369987875128        1.2919845890249959     
  0.62222451711594950        1.3826232224999955     
  0.64296533435314784        1.4763343520249950     
  0.66370615159034629        1.5731179775999951     
  0.68444696882754452        1.6729740992249946     
  0.70518778606474286        1.7759027168999941     
  0.72592860330194120        1.8819038306249940     
  0.74666942053913954        1.9909774403999936     
  0.76741023777633777        2.1031235462249929     
  0.78815105501353622        2.2183421480999930     
  0.80889187225073444        2.3366332460249923     
  0.82963268948793278        2.4579968399999919     
  0.85037350672513101        2.5824329300249911     
  0.87111432396232946        2.7099415160999913     
  0.89185514119952769        2.8405225982249909     
  0.91259595843672603        2.9741761763999901     
  0.93333677567392437        3.1109022506249899     
  0.95407759291112271        3.2507008208999895     
  0.97481841014832094        3.3935718872249887     
  0.99555922738551939        3.5395154495999890     
   1.0163000446227177        3.6885315080249881     
   1.0370408618599158        3.8406200624999873     
   1.0577816790971142        3.9957811130249867     
   1.0785224963343125        4.1540146595999863     
   1.0992633135715109        4.3153207022249855     
   1.1200041308087092        4.4796992408999854     
   1.1407449480459075        4.6471502756249841     
   1.1614857652831057        4.8176738063999833     
   1.1822265825203042        4.9912698332249841     
   1.2029673997575026        5.1679383560999836     
   1.2237082169947009        5.3476793750249829     
   1.2444490342318990        5.5304928899999819     
   1.2651898514690973        5.7163789010249806     
   1.2859306687062957        5.9053374080999799     
   1.3066714859434942        6.0973684112249815     
   1.3274123031806926        6.2924719103999802     
   1.3481531204178907        6.4906479056249795     
   1.3688939376550890        6.6918963968999785     
   1.3896347548922874        6.8962173842249772     
   1.4103755721294857        7.1036108675999765     
   1.4311163893666838        7.3140768470249746     
   1.4518572066038824        7.5276153224999760     
   1.4725980238410807        7.7442262940249753     
   1.4933388410782791        7.9639097615999743     
   1.5140796583154772        8.1866657252249730     
   1.5348204755526755        8.4124941848999715     
   1.5555612927898739        8.6413951406249705     
   1.5763021100270724        8.8733685923999719     
   1.5970429272642706        9.1084145402249703     
   1.6177837445014689        9.3465329840999694     
   1.6385245617386672        9.5877239240249690     
   1.6592653789758656        9.8319873599999674     
   1.6800061962130637        10.079323292024966     
   1.7007470134502620        10.329731720099964     
   1.7214878306874606        10.583212644224966     
   1.7422286479246589        10.839766064399965     
   1.7629694651618570        11.099391980624965     
   1.7837102823990554        11.362090392899963     
   1.8044510996362537        11.627861301224961     
   1.8251919168734521        11.896704705599960     
   1.8459327341106502        12.168620606024959     
   1.8666735513478487        12.443609002499960     
   1.8874143685850471        12.721669895024959     
   1.9081551858222454        13.002803283599958     
   1.9288960030594438        13.287009168224957     
   1.9496368202966419        13.574287548899955     
   1.9703776375338402        13.864638425624953     
   1.9911184547710388        14.158061798399956     
   2.0118592720082371        14.454557667224954     
   2.0326000892454354        14.754126032099952     
   2.0533409064826338        15.056766893024951     
   2.0740817237198317        15.362480249999949     
   2.0948225409570300        15.671266103024948     
   2.1155633581942284        15.983124452099947     
   2.1363041754314267        16.298055297224945     
   2.1570449926686250        16.616058638399945     
   2.1777858099058234        16.937134475624941     
   2.1985266271430217        17.261282808899942     
   2.2192674443802205        17.588503638224946     
   2.2400082616174184        17.918796963599942     
   2.2607490788546167        18.252162785024943     
   2.2814898960918151        18.588601102499936     
   2.3022307133290134        18.928111916024939     
   2.3229715305662113        19.270695225599933     
   2.3437123478034101        19.616351031224937     
   2.3644531650406084        19.965079332899936     
   2.3851939822778068        20.316880130624931     
   2.4059347995150051        20.671753424399935     
   2.4266756167522030        21.029699214224930     
   2.4474164339894018        21.390717500099932     
   2.4681572512266001        21.754808282024932     
   2.4888980684637980        22.121971559999928     
   2.5096388857009968        22.492207334024929     
   2.5303797029381947        22.865515604099922     
   2.5511205201753935        23.241896370224925     
   2.5718613374125914        23.621349632399919     
   2.5926021546497897        24.003875390624923     
   2.6133429718869885        24.389473644899926     
   2.6340837891241864        24.778144395224917     
   2.6548246063613852        25.169887641599921     
   2.6755654235985831        25.564703384024913     
   2.6963062408357814        25.962591622499918     
   2.7170470580729797        26.363552357024911     
   2.7377878753101781        26.767585587599914     
   2.7585286925473764        27.174691314224916     
   2.7792695097845748        27.584869536899909     
   2.8000103270217731        27.998120255624912     
   2.8207511442589714        28.414443470399906     
   2.8414919614961698        28.833839181224906     
   2.8622327787333677        29.256307388099899     
   2.8829735959705665        29.681848091024904     
   2.9037144132077648        30.110461289999904     
   2.9244552304449627        30.542146985024900     
   2.9451960476821615        30.976905176099901     
   2.9659368649193594        31.414735863224895     
   2.9866776821565582        31.855639046399897     
   3.0074184993937561        32.299614725624892     
   3.0281593166309544        32.746662900899892     
   3.0489001338681532        33.196783572224895     
   3.0696409511053511        33.649976739599886     
   3.0903817683425499        34.106242403024893     
   3.1111225855797477        34.565580562499882     
   3.1318634028169461        35.027991218024887     
   3.1526042200541449        35.493474369599888     
   3.1733450372913428        35.962030017224883     
   3.1940858545285411        36.433658160899881     
   3.2148266717657394        36.908358800624875     
   3.2355674890029378        37.386131936399877     
   3.2563083062401361        37.866977568224875     
   3.2770491234773345        38.350895696099876     
   3.2977899407145328        38.837886320024879     
   3.3185307579517311        39.327949439999870     
   3.3392715751889295        39.821085056024870     
   3.3600123924261274        40.317293168099866     
   3.3807532096633262        40.816573776224871     
   3.4014940269005240        41.318926880399857     
   3.4222348441377228        41.824352480624867     
   3.4429756613749212        42.332850576899865     
   3.4637164786121191        42.844421169224859     
   3.4844572958493178        43.359064257599861     
   3.5051981130865157        43.876779842024852     
   3.5259389303237141        44.397567922499860     
   3.5466797475609124        44.921428499024849     
   3.5674205647981108        45.448361571599854     
   3.5881613820353095        45.978367140224854     
   3.6089021992725074        46.511445204899843     
   3.6296430165097058        47.047595765624848     
   3.6503838337469041        47.586818822399842     
   3.6711246509841025        48.129114375224844     
   3.6918654682213004        48.674482424099835     
   3.7126062854584991        49.222922969024836     
   3.7333471026956975        49.774436009999839     
   3.7540879199328958        50.329021547024830     
   3.7748287371700942        50.886679580099837     
   3.7955695544072920        51.447410109224826     
   3.8163103716444908        52.011213134399831     
   3.8370511888816892        52.578088655624832     
   3.8577920061188875        53.148036672899828     
   3.8785328233560858        53.721057186224826     
   3.8992736405932837        54.297150195599819     
   3.9200144578304825        54.876315701024822     
   3.9407552750676804        55.458553702499813     
   3.9614960923048788        56.043864200024821     
   3.9822369095420775        56.632247193599824     
   4.0029777267792754        57.223702683224815     
   4.0237185440164742        57.818230668899815     
   4.0444593612536721        58.415831150624804     
   4.0652001784908709        59.016504128399809     
   4.0859409957280688        59.620249602224803     
   4.1066818129652676        60.227067572099806     
   4.1274226302024655        60.836958038024811     
   4.1481634474396634        61.449920999999797     
   4.1689042646768621        62.065956458024800     
   4.1896450819140600        62.685064412099791     
   4.2103858991512588        63.307244862224792     
   4.2311267163884567        63.932497808399788     
   4.2518675336256555        64.560823250624793     
   4.2726083508628534        65.192221188899779     
   4.2933491681000522        65.826691623224804     
   4.3140899853372501        66.464234553599780     
   4.3348308025744489        67.104849980024781     
   4.3555716198116468        67.748537902499763     
   4.3763124370488455        68.395298321024782     
   4.3970532542860434        69.045131235599769     
   4.4177940715232413        69.698036646224764     
   4.4385348887604410        70.354014552899784     
   4.4592757059976389        71.013064955624770     
   4.4800165232348368        71.675187854399766     
   4.5007573404720347        72.340383249224743     
   4.5214981577092335        73.008651140099772     
   4.5422389749464323        73.679991527024754     
   4.5629797921836301        74.354404409999745     
   4.5837206094208289        75.031889789024774     
   4.6044614266580268        75.712447664099756     
   4.6252022438952247        76.396078035224747     
   4.6459430611324226        77.082780902399733     
   4.6666838783696223        77.772556265624758     
   4.6874246956068202        78.465404124899749     
   4.7081655128440181        79.161324480224735     
   4.7289063300812169        79.860317331599745     
   4.7496471473184148        80.562382679024736     
   4.7703879645556135        81.267520522499723     
   4.7911287817928123        81.975730862024747     
   4.8118695990300102        82.687013697599738     
   4.8326104162672081        83.401369029224725     
   4.8533512335044060        84.118796856899721     
   4.8740920507416057        84.839297180624740     
   4.8948328679788036        85.562870000399727     
   4.9155736852160015        86.289515316224708     
   4.9363145024532002        87.019233128099728     
   4.9570553196903981        87.752023436024714     
   4.9777961369275960        88.487886239999710     
   4.9985369541647948        89.226821540024702     
   5.0192777714019936        89.968829336099716     
   5.0400185886391915        90.713909628224712     
   5.0607594058763894        91.462062416399689     
   5.0815002231135882        92.213287700624718     
   5.1022410403507870        92.967585480899700     
   5.1229818575879849        93.724955757224691     
   5.1437226748251828        94.485398529599678     
   5.1644634920623815        95.248913798024702     
   5.1852043092995794        96.015501562499693     
   5.2059451265367782        96.785161823024680     
   5.2266859437739770        97.557894579599704     
   5.2474267610111749        98.333699832224681     
   5.2681675782483728        99.112577580899668     
   5.2889083954855707        99.894527825624664     
   5.3096492127227704        100.67955056639968     
   5.3303900299599682        101.46764580322467     
   5.3511308471971661        102.25881353609965     
   5.3718716644343649        103.05305376502469     
   5.3926124816715628        103.85036648999967     
   5.4133532989087607        104.65075171102465     
   5.4340941161459595        105.45420942809965     
   5.4548349333831583        106.26073964122466     
   5.4755757506203562        107.07034235039966     
   5.4963165678575541        107.88301755562463     
   5.5170573850947529        108.69876525689966     
   5.5377982023319516        109.51758545422464     
   5.5585390195691495        110.33947814759964     
   5.5792798368063474        111.16444333702462     
   5.6000206540435462        111.99248102249965     
   5.6207614712807441        112.82359120402464     
   5.6415022885179429        113.65777388159962     
   5.6622431057551417        114.49502905522465     
   5.6829839229923396        115.33535672489963     
   5.7037247402295375        116.17875689062461     
   5.7244655574667354        117.02522955239959     
   5.7452063747039350        117.87477471022463     
   5.7659471919411329        118.72739236409961     
   5.7866880091783308        119.58308251402460     
   5.8074288264155296        120.44184515999962     
   5.8281696436527275        121.30368030202460     
   5.8489104608899254        122.16858794009960     
   5.8696512781271242        123.03656807422458     
   5.8903920953643230        123.90762070439960     
   5.9111329126015209        124.78174583062459     
   5.9318737298387187        125.65894345289958     
   5.9526145470759175        126.53921357122461     
   5.9733553643131163        127.42255618559959     
   5.9940961815503142        128.30897129602457     
   6.0148369987875121        129.19845890249957     
   6.0355778160247109        130.09101900502458     
   6.0563186332619088        130.98665160359957     
   6.0770594504991076        131.88535669822457     
   6.0978002677363063        132.78713428889958     
   6.1185410849735042        133.69198437562457     
   6.1392819022107021        134.59990695839954     
   6.1600227194479009        135.51090203722458     
   6.1807635366850997        136.42496961209957     
   6.2015043539222976        137.34210968302455     
   6.2222451711594955        138.26232224999953     
