   2.0740817237198322E-002           0
   4.1481634474396643E-002           0
   6.2222451711594962E-002           0
   8.2963268948793287E-002           0
  0.10370408618599160                0
  0.12444490342318992                0
  0.14518572066038821                0
  0.16592653789758657                0
  0.18666735513478488                0
  0.20740817237198320                0
  0.22814898960918151                0
  0.24888980684637985                0
  0.26963062408357813                0
  0.29037144132077641                0
  0.31111225855797475                0
  0.33185307579517315                0
  0.35259389303237143                0
  0.37333471026956977                0
  0.39407552750676811                0
  0.41481634474396639                0
  0.43555716198116473                0
  0.45629797921836301                0
  0.47703879645556135                0
  0.49777961369275969                0
  0.51852043092995792                0
  0.53926124816715626                0
  0.56000206540435460                0
  0.58074288264155283                0
  0.60148369987875128                0
  0.62222451711594950                0
  0.64296533435314784                0
  0.66370615159034629                0
  0.68444696882754452                0
  0.70518778606474286                0
  0.72592860330194120                0
  0.74666942053913954                0
  0.76741023777633777                0
  0.78815105501353622                0
  0.80889187225073444                0
  0.82963268948793278                0
  0.85037350672513101                0
  0.87111432396232946                0
  0.89185514119952769                0
  0.91259595843672603                0
  0.93333677567392437                0
  0.95407759291112271                0
  0.97481841014832094                0
  0.99555922738551939                0
   1.0163000446227177                0
   1.0370408618599158                0
   1.0577816790971142                0
   1.0785224963343125                0
   1.0992633135715109                0
   1.1200041308087092                0
   1.1407449480459075                0
   1.1614857652831057                0
   1.1822265825203042                0
   1.2029673997575026                0
   1.2237082169947009                0
   1.2444490342318990                0
   1.2651898514690973                0
   1.2859306687062957                0
   1.3066714859434942                0
   1.3274123031806926                0
   1.3481531204178907                0
   1.3688939376550890                0
   1.3896347548922874                0
   1.4103755721294857                0
   1.4311163893666838                0
   1.4518572066038824                0
   1.4725980238410807                0
   1.4933388410782791                0
   1.5140796583154772                0
   1.5348204755526755                0
   1.5555612927898739                0
   1.5763021100270724                0
   1.5970429272642706                0
   1.6177837445014689                0
   1.6385245617386672                0
   1.6592653789758656                0
   1.6800061962130637                0
   1.7007470134502620                0
   1.7214878306874606                0
   1.7422286479246589                0
   1.7629694651618570                0
   1.7837102823990554                0
   1.8044510996362537                0
   1.8251919168734521                0
   1.8459327341106502                0
   1.8666735513478487                0
   1.8874143685850471                0
   1.9081551858222454                0
   1.9288960030594438                0
   1.9496368202966419                0
   1.9703776375338402                0
   1.9911184547710388                0
   2.0118592720082371                0
   2.0326000892454354                0
   2.0533409064826338                0
   2.0740817237198317                0
   2.0948225409570300                0
   2.1155633581942284                0
   2.1363041754314267                0
   2.1570449926686250                0
   2.1777858099058234                0
   2.1985266271430217                0
   2.2192674443802205                0
   2.2400082616174184                0
   2.2607490788546167                0
   2.2814898960918151                0
   2.3022307133290134                0
   2.3229715305662113                0
   2.3437123478034101                0
   2.3644531650406084               10
   2.3851939822778068               14
   2.4059347995150051               32
   2.4266756167522030               56
   2.4474164339894018              140
   2.4681572512266001              294
   2.4888980684637980              412
   2.5096388857009968              654
   2.5303797029381947              880
   2.5511205201753935             1242
   2.5718613374125914             1674
   2.5926021546497897             2036
   2.6133429718869885             2410
   2.6340837891241864             2584
   2.6548246063613852             3122
   2.6755654235985831             3252
   2.6963062408357814             3480
   2.7170470580729797             3486
   2.7377878753101781             3632
   2.7585286925473764             3524
   2.7792695097845748             3494
   2.8000103270217731             3260
   2.8207511442589714             3140
   2.8414919614961698             2882
   2.8622327787333677             2834
   2.8829735959705665             2434
   2.9037144132077648             2308
   2.9244552304449627             2152
   2.9451960476821615             1910
   2.9659368649193594             1928
   2.9866776821565582             1802
   3.0074184993937561             1558
   3.0281593166309544             1422
   3.0489001338681532             1374
   3.0696409511053511             1208
   3.0903817683425499             1198
   3.1111225855797477             1182
   3.1318634028169461             1072
   3.1526042200541449             1104
   3.1733450372913428             1036
   3.1940858545285411              918
   3.2148266717657394              898
   3.2355674890029378              934
   3.2563083062401361              938
   3.2770491234773345              956
   3.2977899407145328              968
   3.3185307579517311              940
   3.3392715751889295              948
   3.3600123924261274             1030
   3.3807532096633262             1050
   3.4014940269005240             1060
   3.4222348441377228             1172
   3.4429756613749212             1118
   3.4637164786121191             1192
   3.4844572958493178             1172
   3.5051981130865157             1254
   3.5259389303237141             1348
   3.5466797475609124             1442
   3.5674205647981108             1378
   3.5881613820353095             1560
   3.6089021992725074             1590
   3.6296430165097058             1736
   3.6503838337469041             1658
   3.6711246509841025             1834
   3.6918654682213004             1868
   3.7126062854584991             1852
   3.7333471026956975             1928
   3.7540879199328958             2076
   3.7748287371700942             2178
   3.7955695544072920             2230
   3.8163103716444908             2236
   3.8370511888816892             2244
   3.8577920061188875             2286
   3.8785328233560858             2524
   3.8992736405932837             2520
   3.9200144578304825             2656
   3.9407552750676804             2636
   3.9614960923048788             2864
   3.9822369095420775             2932
   4.0029777267792754             3180
   4.0237185440164742             3108
   4.0444593612536721             3260
   4.0652001784908709             3314
   4.0859409957280688             3510
   4.1066818129652676             3748
   4.1274226302024655             3590
   4.1481634474396634             3792
   4.1689042646768621             3830
   4.1896450819140600             3870
   4.2103858991512588             3906
   4.2311267163884567             4100
   4.2518675336256555             4064
   4.2726083508628534             4324
   4.2933491681000522             4232
   4.3140899853372501             4298
   4.3348308025744489             4230
   4.3555716198116468             4244
   4.3763124370488455             4194
   4.3970532542860434             4136
   4.4177940715232413             4256
   4.4385348887604410             4282
   4.4592757059976389             4316
   4.4800165232348368             4506
   4.5007573404720347             4576
   4.5214981577092335             4544
   4.5422389749464323             4368
   4.5629797921836301             4446
   4.5837206094208289             4432
   4.6044614266580268             4528
   4.6252022438952247             4524
   4.6459430611324226             4380
   4.6666838783696223             4620
   4.6874246956068202             4394
   4.7081655128440181             4382
   4.7289063300812169             4372
   4.7496471473184148             4352
   4.7703879645556135             4276
   4.7911287817928123             4508
   4.8118695990300102             4428
   4.8326104162672081             4278
   4.8533512335044060             4438
   4.8740920507416057             4200
   4.8948328679788036             4240
   4.9155736852160015             4190
   4.9363145024532002             4382
   4.9570553196903981             4100
   4.9777961369275960             4348
   4.9985369541647948             4212
   5.0192777714019936             4142
   5.0400185886391915             3960
   5.0607594058763894             4050
   5.0815002231135882             4016
   5.1022410403507870             4022
   5.1229818575879849             4014
   5.1437226748251828             3958
   5.1644634920623815             4044
   5.1852043092995794             4108
   5.2059451265367782             4042
   5.2266859437739770             3910
   5.2474267610111749             3922
   5.2681675782483728             3852
   5.2889083954855707             3912
   5.3096492127227704             3828
   5.3303900299599682             3880
   5.3511308471971661             3944
   5.3718716644343649             3980
   5.3926124816715628             3934
   5.4133532989087607             3860
   5.4340941161459595             3868
   5.4548349333831583             3916
   5.4755757506203562             4008
   5.4963165678575541             3992
   5.5170573850947529             4200
   5.5377982023319516             4128
   5.5585390195691495             4288
   5.5792798368063474             4200
   5.6000206540435462             4438
   5.6207614712807441             4422
   5.6415022885179429             4236
   5.6622431057551417             4078
   5.6829839229923396             4240
   5.7037247402295375             4206
   5.7244655574667354             4448
   5.7452063747039350             4464
   5.7659471919411329             4634
   5.7866880091783308             4704
   5.8074288264155296             4818
   5.8281696436527275             4900
   5.8489104608899254             4992
   5.8696512781271242             4986
   5.8903920953643230             4874
   5.9111329126015209             5162
   5.9318737298387187             5072
   5.9526145470759175             5190
   5.9733553643131163             5176
   5.9940961815503142             5168
   6.0148369987875121             5468
   6.0355778160247109             5554
   6.0563186332619088             5682
   6.0770594504991076             5822
   6.0978002677363063             5956
   6.1185410849735042             5912
   6.1392819022107021             5958
   6.1600227194479009             6036
   6.1807635366850997             6048
   6.2015043539222976             6206
   6.2222451711594955           604608
